start=2924.760000
speed=1.610510
volume=64.000000
fullscreen=yes
