start=289.720000
pause=yes
volume=76.000000
