start=775.166000
speed=1.331000
volume=90.000000
