start=564.833000
volume=100.000000
