start=25.267000
volume=96.000000
