start=509.334000
pause=yes
volume=98.000000
