start=52.040000
speed=1.464100
volume=88.000000
