start=907.534000
speed=1.331000
volume=102.000000
