start=7619.095574
volume=130.000000
audio-delay=-0.000000
fullscreen=yes
contrast=1
sid=no
