start=196.600000
speed=1.210000
volume=92.000000
fullscreen=yes
