start=972.300000
speed=1.610510
volume=80.000000
fullscreen=yes
aid=1
sid=no
sub-delay=-0.000000
sub-visibility=no
