start=1166.375376
volume=112.000000
fullscreen=yes
