start=403.767000
volume=88.000000
