start=70.067000
volume=108.000000
fullscreen=yes
