start=1330.584000
volume=130.000000
