start=736.140000
speed=1.771561
pause=yes
volume=108.000000
