start=55.379000
volume=100.000000
fullscreen=yes
