start=64.240000
speed=1.464100
pause=yes
volume=92.000000
fullscreen=yes
