start=2071.541000
volume=96.000000
fullscreen=yes
