start=15.667000
volume=94.000000
fullscreen=yes
