start=681.650000
volume=98.000000
fullscreen=yes
