start=348.300000
volume=80.000000
sub-pos=99
sub-visibility=no
