start=13.200000
pause=yes
volume=88.000000
