start=1214.700000
speed=1.464100
volume=84.000000
