start=6673.886000
volume=118.000000
fullscreen=yes
