start=4620.433000
volume=90.000000
