start=2003.043000
volume=124.000000
fullscreen=yes
