start=2042.920000
speed=1.464100
pause=yes
volume=90.000000
fullscreen=yes
