start=3030.640000
speed=1.464100
volume=96.000000
