start=34.267000
speed=1.331000
