start=15.560000
speed=1.331000
volume=130.000000
fullscreen=yes
