start=2537.720000
speed=1.610510
volume=94.000000
fullscreen=yes
