start=200.159000
volume=96.000000
