start=0.000000
pause=yes
volume=76.000000
gamma=4
