start=720.450000
volume=74.000000
