start=209.440000
speed=1.610510
volume=96.000000
fullscreen=yes
