start=8465.924000
pause=yes
volume=130.000000
aid=1
sid=no
