start=491.400000
speed=1.771561
volume=116.000000
fullscreen=yes
