start=960.540000
speed=1.464100
pause=yes
volume=112.000000
