start=915.832000
pause=yes
volume=82.000000
