speed=1.464100
volume=82.000000
fullscreen=yes
