start=358.033000
speed=1.331000
pause=yes
volume=88.000000
