start=24.183000
volume=100.000000
