start=200.492000
volume=130.000000
