start=924.180000
pause=yes
volume=112.000000
