start=316.983000
pause=yes
volume=114.000000
