start=2147.892786
speed=1.610510
volume=82.000000
fullscreen=yes
