start=838.004000
volume=114.000000
