start=4.733333
volume=106.000000
fullscreen=yes
