start=1020.160000
speed=1.464100
volume=78.000000
fullscreen=yes
