start=2120.519000
volume=74.000000
