start=106.560000
speed=1.331000
pause=yes
volume=76.000000
fullscreen=yes
sub-delay=-0.000000
