start=2478.880000
speed=1.464100
volume=82.000000
fullscreen=yes
