start=545.567000
volume=78.000000
fullscreen=yes
