start=73.560000
speed=1.464100
pause=yes
