start=715.248000
volume=62.000000
