start=1117.000000
pause=yes
volume=96.000000
