start=15.665000
volume=106.000000
