start=2119.916000
volume=74.000000
fullscreen=yes
