start=376.333000
volume=98.000000
