start=0.000000
pause=yes
volume=104.000000
