start=267.225000
volume=114.000000
fullscreen=yes
