start=94.280000
speed=1.610510
volume=84.000000
fullscreen=yes
