start=14.650000
pause=yes
volume=102.000000
