start=1581.760000
speed=1.464100
volume=96.000000
fullscreen=yes
