start=303.203000
speed=1.771561
pause=yes
