start=2300.433333
volume=98.000000
