start=1708.120000
speed=1.464100
volume=70.000000
fullscreen=yes
