start=632.140000
speed=1.771561
pause=yes
volume=104.000000
