start=1129.628000
pause=yes
volume=98.000000
