start=13.500000
volume=128.000000
fullscreen=yes
