start=1852.920000
speed=1.464100
volume=80.000000
fullscreen=yes
