start=17.584000
volume=104.000000
