start=484.150000
pause=yes
volume=94.000000
