start=283.267000
volume=78.000000
